{'features': [[0.018518518518518538, 0.018518518518518528, 0.018518518518518528, 0.018518518518518528, 0.018518518518518521, 0.018518518518518549, 0.35185185189022888, 0.018518518518518528, 0.35185185181347439, 0.018518518518518622, 0.018518518518518566, 0.018518518518518597, 0.018518518518518531, 0.018518518518518528, 0.018518518518518545, 0.018518518518518521, 0.018518518518518521, 0.018518518518518528, 53], [0.055555555555555539, 0.055555555555555539, 0.055555555555555539, 0.055555555555555539, 0.055555555555555539, 0.055555555555555539, 0.055555555555555539, 0.055555555555555539, 0.055555555555555539, 0.055555555555555539, 0.055555555555555539, 0.055555555555555539, 0.055555555555555539, 0.055555555555555539, 0.055555555555555539, 0.055555555555555539, 0.055555555555555539, 0.055555555555555539, 11], [0.018518518518518528, 0.018518518518518524, 0.018518518518518524, 0.018518518518518524, 0.018518518518518521, 0.018518518518518535, 0.018518518518518521, 0.35185185205258518, 0.018518518518518521, 0.018518518518518563, 0.018518518518518542, 0.018518518518518549, 0.018518518518518524, 0.018518518518518524, 0.018518518518518531, 0.018518518518518521, 0.35185185165111843, 0.018518518518518524, 46], [0.027777777777777776, 0.027777777777777776, 0.027777777777777776, 0.027777777777777776, 0.52777777777777779, 0.02777777777777778, 0.027777777777777776, 0.027777777777777776, 0.027777777777777776, 0.027777777777777783, 0.02777777777777778, 0.02777777777777778, 0.027777777777777776, 0.027777777777777776, 0.027777777777777776, 0.027777777777777776, 0.027777777777777776, 0.027777777777777776, 45], [0.027777777777777839, 0.027777777777777807, 0.027777777777777801, 0.027777777777777807, 0.027777777777777787, 0.027777777777777877, 0.027777777777777797, 0.027777777777777804, 0.027777777777777797, 0.027777777777778116, 0.027777777777777936, 0.027777777777778033, 0.52777777777777646, 0.027777777777777811, 0.02777777777777786, 0.02777777777777779, 0.027777777777777787, 0.027777777777777801, 89], [0.018518518518518622, 0.01851851851851857, 0.018518519699180749, 0.01851851851851857, 0.018518518518518542, 0.018518518518518677, 0.35185185267370767, 0.01851851851851857, 0.018518518518518556, 0.018518518518519041, 0.018518518518518767, 0.35185184984933215, 0.018518518518518583, 0.018518518518518576, 0.018518518518518653, 0.018518518518518545, 0.018518518518518542, 0.018518518518518563, 78], [0.027777777777777769, 0.027777777777777769, 0.027777777777777769, 0.027777777777777769, 0.027777777777777769, 0.027777777777777769, 0.027777777777777769, 0.027777777777777769, 0.027777777777777769, 0.027777777777777776, 0.027777777777777773, 0.027777777777777773, 0.027777777777777769, 0.027777777777777769, 0.027777777777777769, 0.52777777777777768, 0.027777777777777769, 0.027777777777777769, 52], [0.018518518518518604, 0.018518518518518563, 0.018518518518518556, 0.018518518518518563, 0.35185184942435033, 0.018518518518518653, 0.018518518518518552, 0.35185185427935151, 0.018518518518518549, 0.018518518518518969, 0.018518518518518733, 0.018518518518518854, 0.018518518518518573, 0.01851851851851857, 0.018518518518518632, 0.018518518518518542, 0.018518518518518542, 0.018518518518518556, 22], [0.15079365230959046, 0, 0, 0, 0, 0, 0, 0, 0.15079364991720498, 0, 0.15079365246747398, 0, 0, 0, 0, 0, 0.29365079333370875, 0.15079364879741833, 80], [0.027777777777777769, 0.027777777777777769, 0.027777777777777769, 0.52777777777777768, 0.027777777777777769, 0.027777777777777769, 0.027777777777777769, 0.027777777777777769, 0.027777777777777769, 0.027777777777777773, 0.027777777777777769, 0.027777777777777773, 0.027777777777777769, 0.027777777777777769, 0.027777777777777769, 0.027777777777777769, 0.027777777777777769, 0.027777777777777769, 56], [0.35185185243340067, 0.018518518518518528, 0.018518518518518528, 0.018518518518518528, 0.018518518518518524, 0.018518518518518545, 0.018518518518518528, 0.018518518518518528, 0.35185185127030288, 0.018518518518518597, 0.018518518518518556, 0.01851851851851858, 0.018518518518518528, 0.018518518518518528, 0.018518518518518542, 0.018518518518518524, 0.018518518518518524, 0.018518518518518528, 97], [0.01851851851851859, 0.018518518518518556, 0.018518518518518549, 0.018518518518518556, 0.018518518518518535, 0.018518518518518629, 0.018518518518518545, 0.35185184606702868, 0.018518518518518542, 0.018518518518518885, 0.018518518518518694, 0.018518518518518795, 0.018518518518518563, 0.018518518518518559, 0.35185185763667359, 0.018518518518518535, 0.018518518518518535, 0.018518518518518549, 14]], 'review': "I did a lot of research before purchasing this laptop. I mean tons. :) I've had nothing, but a great experience so far.*|*|* Not a huge fan of Windows 8, but really who is? That really doesn't pertain to the laptop since most laptops now come with it now anyways. It only took me a few days to really get the shortcuts down, which really helps.*|*|* As far as the laptop goes though, it's been fantastic. Not a single issue yet. Runs smooth, very large screen, not too big and bulky & holds a very good charge. Honestly I don't really have a bad thing to say about it. Hopefully this review will help anyone else, like myself, who is very thorough about their research. Happy shopping! :)", 'realTags': [1, 0, 0, 1, 0, 0, 1, 0, 0, 0, 0, 0], 'predictedTags': [], 'sentences': ['I did a lot of research before purchasing this laptop', 'I mean tons', "I've had nothing but a great experience so far", 'Not a huge fan of Windows 8 but really who is', "That really doesn't pertain to the laptop since most laptops now come with it now anyways", 'It only took me a few days to really get the shortcuts down which really helps', "As far as the laptop goes though it's been fantastic", 'Not a single issue yet', 'Runs smooth very large screen not too big and bulky and holds a very good charge', "Honestly I don't really have a bad thing to say about it", 'Hopefully this review will help anyone else like myself who is very thorough about their research', 'Happy shopping'], 'k': 18, 'predictedLDASentenceTags': [[6], [0, 1, 2, 3, 4, 5, 6, 7, 8, 9, 10, 11, 12, 13, 14, 15, 16, 17], [7], [4], [12], [6], [15], [7], [16], [3], [0], [14]]}
{'features': [[0.013888888888897112, 0.013888888888893277, 0.013888888888892434, 0.013888888888893379, 0.013888888888892123, 0.013888888888901397, 0.013888888888892168, 0.26388915086268211, 0.013888888888891972, 0.013888888888930312, 0.26389016635382634, 0.26388734945004455, 0.013888888888894125, 0.013888888888893693, 0.013888888888900089, 0.013888888888891171, 0.013888888888891194, 0.013888888888892588, 67], [0.013888888888888909, 0.0138888888888889, 0.013888888888888897, 0.263888889122676, 0.013888888888888893, 0.013888888888888921, 0.26388888818629092, 0.013888888888888899, 0.26388888935769939, 0.013888888888888996, 0.01388888888888894, 0.01388888888888897, 0.013888888888888902, 0.0138888888888889, 0.013888888888888916, 0.013888888888888893, 0.013888888888888893, 0.013888888888888899, 43], [0.011111111113137838, 0.2108913750486637, 0.21116871849489102, 0.011111111112193952, 0.011111111111625277, 0.011111111114220315, 0.011111111111927235, 0.011111111112150501, 0.011111111111878149, 0.011111111121211272, 0.011111111115951955, 0.011111111118716802, 0.21119602083044081, 0.21118833003390169, 0.011111111113730272, 0.011111111111667462, 0.011111111111663474, 0.011111111112028131, 47], [0.018518518518518535, 0.018518518518518528, 0.018518518518518528, 0.35185185192770563, 0.018518518518518524, 0.018518518518518542, 0.018518518518518528, 0.35185185177599793, 0.018518518518518528, 0.018518518518518597, 0.018518518518518556, 0.018518518518518576, 0.018518518518518528, 0.018518518518518528, 0.018518518518518542, 0.018518518518518524, 0.018518518518518524, 0.018518518518518528, 49], [0, 0, 0, 0, 0, 0.17592594174067755, 0.17592595876901959, 0, 0, 0.17592600445814044, 0, 0, 0, 0, 0.17592603249346014, 0, 0, 0.1759256882215717, 89], [0.018518518518522736, 0.018518518518520728, 0.018518518518520339, 0.018518518518520766, 0.35185174107464212, 0.018518518518524991, 0.351851962628979, 0.018518518518520675, 0.01851851851852011, 0.018518518518539574, 0.0185185185185286, 0.018518518518534366, 0.018518518518521203, 0.01851851851852096, 0.018518518518523968, 0.018518518518519669, 0.018518518518519662, 0.018518518518520422, 38], [0.013888888888888902, 0.013888888888888897, 0.013888888888888895, 0.26388888914832015, 0.013888888888888893, 0.013888888888888909, 0.013888888888888895, 0.013888888888888897, 0.013888888888888895, 0.013888888888888951, 0.2638888860240301, 0.26388889149431649, 0.013888888888888897, 0.013888888888888897, 0.013888888888888905, 0.013888888888888893, 0.013888888888888893, 0.013888888888888895, 48], [0.26388888884994233, 0.013888888888888895, 0.013888888888888895, 0.013888888888888895, 0.013888888888888895, 0.26388888878895617, 0.013888888888888895, 0.013888888888888895, 0.013888888888888895, 0.013888888888888899, 0.013888888888888897, 0.26388888902776853, 0.013888888888888895, 0.013888888888888895, 0.013888888888888895, 0.013888888888888895, 0.013888888888888895, 0.013888888888888895, 49], [0.17592592641237503, 0, 0.17310102012529061, 0, 0.17875082656807909, 0, 0, 0, 0, 0, 0.34259259387698182, 0, 0, 0, 0, 0, 0, 0, 110], [0.013888888888888888, 0.013888888888888886, 0.013888888888888886, 0.51388888872506266, 0.013888889021294221, 0.013888888888888892, 0.013888888929725092, 0.013888891519919152, 0.013888888888888886, 0.013888888888888905, 0.013888888888888895, 0.0138888888888889, 0.26388887727577631, 0.013888896648126278, 0.01388888888888889, 0.013888889797548511, 0.01388888901945423, 0.013888889063093331, 83], [0.018518518518518531, 0.018518518518518528, 0.018518518518518528, 0.018518518518518528, 0.018518519654177501, 0.018518518518518531, 0.018518526137924506, 0.35185184425822325, 0.35185185069041586, 0.018518518518518538, 0.018518518518518531, 0.018518518518518535, 0.018518518518518528, 0.018518518518518528, 0.018518518518518531, 0.018518518518518528, 0.018518518518518528, 0.018518518518518528, 27], [0.13209742150292539, 0, 0, 0, 0, 0.13217936301269737, 0.3809838854915551, 0.13202282335440835, 0, 0, 0, 0.13243872632407686, 0, 0, 0, 0, 0, 0, 107], [0, 0, 0, 0, 0, 0, 0.15079364926314981, 0, 0.29368200498483127, 0, 0, 0, 0.15079365141792128, 0, 0.2936195765590715, 0, 0, 0, 89], [0.01388888888899077, 0.013888888888942193, 0.26388441499492082, 0.013888888888943051, 0.013888888888914559, 0.013888888889045742, 0.26389155667221387, 0.013888888888940874, 0.01388888888892721, 0.013888888889421467, 0.013888888889134282, 0.013888888889283248, 0.013888888888953572, 0.013888888888947737, 0.013888888889020391, 0.013888888888916665, 0.26389069499754847, 0.013888888888934778, 61], [0, 0.15079365069895473, 0.15079365092989686, 0.15079365049735041, 0.15079364819548077, 0, 0, 0, 0, 0, 0, 0, 0.15079365091963007, 0, 0, 0, 0, 0.15079365044517237, 102], [0.011111111111111441, 0.011111111111111283, 0.21111112004762789, 0.011111111111111287, 0.011111111111111193, 0.011111111111111616, 0.21111108126480116, 0.01111111111111128, 0.011111111111111235, 0.011111111111112754, 0.011111111111111899, 0.011111111111112348, 0.011111111111111321, 0.21111112365901322, 0.011111111111111537, 0.0111111111111112, 0.0111111111111112, 0.21111111947299621, 91], [0.018518518518522788, 0.018518518518520762, 0.018518518518520367, 0.0185185185185208, 0.35185047817622045, 0.018518518518525071, 0.018518518518520238, 0.018518518518520707, 0.018518518518520134, 0.35185322552741932, 0.018518518518528721, 0.018518518518534567, 0.018518518518521241, 0.018518518518520995, 0.018518518518524037, 0.01851851851851969, 0.01851851851851968, 0.01851851851852045, 47]], 'review': 'These are all early observations, since the PC only recently arrived.First impression was slightly disappointing. The mocha color is very dark brown, almost black. It isn\'t as distinctive looking as I had imagined. The case, however, is textured aluminum, obviously designed to be rugged as well as handsome.*|*|* The next impression was very favorable. The screen is very bright, clear, and easy to read. Colors seem to be accurate without any adjustment. While the screen is shiny, it is not a mirror like so many laptops these days, more like a typical LCD TV screen.*|*|* The unit is heavy, but I don\'t think anyone buys a 17" laptop for extreme portability.*|*|* Everything works flawlessly. The keyboard is comfortable for typing, and the touchpad seems very precise in interpreting finger movements.The sound from the built-in speakers is amazing when bass and surround are set to maximum. Not quite hi-fi but good for listening to music while working.*|*|* The speed would probably not be adequate for a gamer, but is impressive when moving up from an older PC. The HD is large and partitioned sensibly, about 1/3 for OS and software and 2/3 for storage.Overall, my first impressions are very favorable.', 'realTags': [1, 0, 0, 0, 0, 1, 0, 0, 0, 1, 1, 0, 0, 0, 1, 0, 0], 'predictedTags': [], 'sentences': ['These are all early observations since the PC only recently arrived', 'First impression was slightly disappointing', 'The mocha color is very dark brown almost black', "It isn't as distinctive looking as I had imagined", 'The case however is textured aluminum obviously designed to be rugged as well as handsome', 'The next impression was very favorable', 'The screen is very bright clear and easy to read', 'Colors seem to be accurate without any adjustment', 'While the screen is shiny it is not a mirror like so many laptops these days more like a typical LCD TV screen', "The unit is heavy but I don't think anyone buys a 17 laptop for extreme portability", 'Everything works flawlessly', 'The keyboard is comfortable for typing and the touchpad seems very precise in interpreting finger movements', 'The sound from the built in speakers is amazing when bass and surround are set to maximum', 'Not quite hi fi but good for listening to music while working', 'The speed would probably not be adequate for a gamer but is impressive when moving up from an older PC', ' The HD is large and partitioned sensibly about 1 3 for OS and software and 2 3 for storage', 'Overall my first impressions are very favorable'], 'k': 18, 'predictedLDASentenceTags': [[10], [8], [12], [3], [14], [6], [11], [11], [10], [3], [8], [6], [8], [6], [2], [13], [9]]}
{'features': [[0.018518518518518535, 0.018518518518518528, 0.018518518518518524, 0.018518518518518528, 0.35185185175577344, 0.018518518518518542, 0.018518518518518524, 0.018518518518518528, 0.018518518518518524, 0.018518518518518601, 0.018518518518518556, 0.01851851851851858, 0.018518518518518528, 0.018518518518518528, 0.018518518518518538, 0.018518518518518521, 0.018518518518518521, 0.35185185194792995, 40], [0.10555555659556913, 0, 0, 0, 0, 0.10555554803108479, 0, 0, 0.10555555386646352, 0.10555554597882107, 0.2055555707730298, 0, 0, 0, 0.19317271707735059, 0, 0.11793839656656954, 0, 132], [0.018518518518518549, 0.018518518518518535, 0.018518518518518535, 0.018518518518518535, 0.018518518518518528, 0.018518518518518566, 0.35185185137767583, 0.018518518518518535, 0.018518518518518531, 0.01851851851851867, 0.01851851851851859, 0.018518518518518632, 0.018518518518518538, 0.35185185232602734, 0.018518518518518559, 0.018518518518518528, 0.018518518518518528, 0.018518518518518535, 42], [0.011111111120961822, 0.011111111116283462, 0.011111111115373508, 0.011111111116374139, 0.21127541487367402, 0.011111111126223039, 0.21137210972353784, 0.011111111116162959, 0.011111111114839211, 0.2091215371948037, 0.21267538253245072, 0.011111111148079422, 0.011111111117392271, 0.01111111111682366, 0.011111111123841159, 0.01111111111381519, 0.011111111113795803, 0.011111111115568176, 59], [0.027777777777777832, 0.027777777777777807, 0.027777777777777801, 0.027777777777777807, 0.027777777777777794, 0.52777777777777701, 0.027777777777777801, 0.027777777777777807, 0.027777777777777801, 0.027777777777778036, 0.027777777777777901, 0.027777777777777971, 0.027777777777777811, 0.027777777777777811, 0.027777777777777849, 0.027777777777777794, 0.027777777777777794, 0.027777777777777804, 13], [0.35185185170815081, 0.018518518518518528, 0.018518518518518528, 0.018518518518518528, 0.018518518518518524, 0.35185185199555319, 0.018518518518518528, 0.018518518518518528, 0.018518518518518528, 0.018518518518518542, 0.018518518518518531, 0.018518518518518538, 0.018518518518518528, 0.018518518518518528, 0.018518518518518531, 0.018518518518518524, 0.018518518518518524, 0.018518518518518528, 30], [0.17592592646216129, 0, 0, 0.17799373600008764, 0, 0, 0, 0.34259259213676824, 0, 0, 0, 0, 0.17385810878687666, 0, 0, 0, 0, 0, 121], [0.018518518518518521, 0.018518518518518521, 0.018518518518518521, 0.018518518542332191, 0.018518519625202613, 0.018518518518518521, 0.018518519656798359, 0.018518518518518521, 0.018518518518518521, 0.018518518518518528, 0.018518518518518524, 0.018518518518518528, 0.018518520506924114, 0.018518518518518521, 0.018518518518518521, 0.018518519682047003, 0.68518517976447346, 0.018518518518518521, 31], [0.011111111111315203, 0.011111111111115596, 0.21111125967016267, 0.011111111136550722, 0.41111113244333158, 0.011111112401954636, 0.011111112327089135, 0.011111111111111325, 0.011111111111111571, 0.011111111111111356, 0.01111111111112419, 0.011111111111224722, 0.011111113271028011, 0.21111093199253522, 0.011111111111116592, 0.011111112354133068, 0.011111114402873377, 0.01111111111111116, 49], [0.26388889099477592, 0.013888888888888905, 0.013888888888888902, 0.013888888888888905, 0.26388887764023278, 0.013888888888888944, 0.0138888888888889, 0.013888888888888904, 0.013888888888888899, 0.013888888888889075, 0.013888888888888977, 0.26388889803165727, 0.013888888888888909, 0.013888888888888907, 0.013888888888888933, 0.013888888888888895, 0.013888888888888895, 0.013888888888888902, 43], [0.027777777777777776, 0.027777777777777776, 0.027777777777777776, 0.027777777777777776, 0.027777777777777776, 0.02777777777777778, 0.027777777777777776, 0.027777777777777776, 0.52777777777777768, 0.027777777777777783, 0.02777777777777778, 0.027777777777777783, 0.027777777777777776, 0.027777777777777776, 0.02777777777777778, 0.027777777777777776, 0.027777777777777776, 0.027777777777777776, 12], [0.027777779310596089, 0.027777778585118172, 0.027777778436840126, 0.027777778596260894, 0.027777778165867788, 0.027777780114476944, 0.02777777839160989, 0.027777778559773411, 0.027777778355599119, 0.52777775420195305, 0.027777781418571821, 0.027777783820790783, 0.027777778759437571, 0.027777778665581395, 0.027777779752311105, 0.027777778198169407, 0.027777778196533064, 0.027777778470509388, 28], [0.027777777777777773, 0.027777777777777773, 0.027777777777777769, 0.027777777777777773, 0.027777777777777769, 0.52777777777777768, 0.027777777777777769, 0.027777777777777773, 0.027777777777777769, 0.027777777777777787, 0.02777777777777778, 0.027777777777777783, 0.027777777777777773, 0.027777777777777773, 0.027777777777777773, 0.027777777777777769, 0.027777777777777769, 0.027777777777777769, 12], [0.02777777777777778, 0.02777777777777778, 0.02777777777777778, 0.02777777777777778, 0.52777777777777768, 0.027777777777777783, 0.02777777777777778, 0.02777777777777778, 0.027777777777777776, 0.027777777777777797, 0.027777777777777787, 0.027777777777777794, 0.02777777777777778, 0.02777777777777778, 0.027777777777777783, 0.027777777777777776, 0.027777777777777776, 0.02777777777777778, 32], [0.0138888888888889, 0.26388888735061461, 0.26388888885265027, 0.013888888888888899, 0.013888888888888897, 0.013888888888888902, 0.013888888888888897, 0.013888888888888897, 0.013888888888888897, 0.26388889046340203, 0.013888888888888907, 0.013888888888888914, 0.013888888888888899, 0.013888888888888899, 0.013888888888888902, 0.013888888888888897, 0.013888888888888897, 0.013888888888888897, 45], [0.013888888888888914, 0.26388888993921905, 0.26388888949032818, 0.013888888888888899, 0.013888888888888888, 0.013888888888888933, 0.013888888888888893, 0.013888888888888897, 0.013888888888888893, 0.013888888888889053, 0.013888888888888963, 0.013888888888889011, 0.013888888888888902, 0.0138888888888889, 0.013888888888888925, 0.26388888723711834, 0.013888888888888888, 0.013888888888888895, 29], [0.21111110194789967, 0.011111111111111197, 0.21111111093027041, 0.011111111111111198, 0.011111111111111151, 0.01111111111111136, 0.011111111111111176, 0.011111111111111193, 0.011111111111111172, 0.011111111111111922, 0.011111111111111498, 0.01111111111111172, 0.21111111787829479, 0.011111111111111205, 0.011111111431396811, 0.011111111111111155, 0.21111111336769123, 0.011111111111111184, 118], [0.055555555555555539, 0.055555555555555539, 0.055555555555555539, 0.055555555555555539, 0.055555555555555539, 0.055555555555555539, 0.055555555555555539, 0.055555555555555539, 0.055555555555555539, 0.055555555555555539, 0.055555555555555539, 0.055555555555555539, 0.055555555555555539, 0.055555555555555539, 0.055555555555555539, 0.055555555555555539, 0.055555555555555539, 0.055555555555555539, 38], [0.51388888869244087, 0.26388888908533698, 0.013888888888888899, 0.0138888888888889, 0.013888888888888897, 0.013888888888888912, 0.013888888888888899, 0.0138888888888889, 0.013888888888888899, 0.013888888888888958, 0.013888888888888925, 0.013888888888888942, 0.013888888888888902, 0.0138888888888889, 0.013888888888888911, 0.013888888888888897, 0.013888888888888897, 0.013888888888888899, 79], [0.027777777777777807, 0.027777777777777794, 0.02777777777777779, 0.027777777777777794, 0.027777777777777783, 0.52777777777777724, 0.02777777777777779, 0.027777777777777794, 0.027777777777777787, 0.027777777777777932, 0.027777777777777849, 0.027777777777777894, 0.027777777777777797, 0.027777777777777794, 0.027777777777777818, 0.027777777777777783, 0.027777777777777783, 0.02777777777777779, 30], [0.018518518518518524, 0.018518518518518524, 0.018518518518518524, 0.018518518518518524, 0.018518518518518524, 0.018518518518518524, 0.018518518518518524, 0.018518518518518524, 0.018518518518518524, 0.018518518518518528, 0.018518518518518524, 0.35185185187779039, 0.018518518518518524, 0.018518518518518524, 0.35185185182591344, 0.018518518518518524, 0.018518518518518524, 0.018518518518518524, 15], [0.018518518518518556, 0.018518518518518538, 0.018518518518518535, 0.018518518518518538, 0.35185184918506041, 0.01851851851851858, 0.018518518518518531, 0.018518518518518535, 0.018518518518518531, 0.018518518518518722, 0.018518518518518615, 0.01851851851851867, 0.018518518518518542, 0.018518518518518542, 0.35185185451864243, 0.018518518518518528, 0.018518518518518528, 0.018518518518518535, 44], [0.027777777777777811, 0.027777777777777797, 0.027777777777777797, 0.027777777777777801, 0.52777777777777724, 0.027777777777777828, 0.027777777777777794, 0.027777777777777797, 0.027777777777777794, 0.027777777777777932, 0.027777777777777853, 0.027777777777777894, 0.027777777777777804, 0.027777777777777801, 0.027777777777777821, 0.02777777777777779, 0.02777777777777779, 0.027777777777777797, 30], [0.35185185240396938, 0.018518518518518524, 0.018518518518518521, 0.018518518518518524, 0.018518518518518521, 0.018518518518518535, 0.018518518518518521, 0.018518518518518521, 0.018518518518518521, 0.018518518518518573, 0.018518518518518545, 0.018518518518518559, 0.018518518518518524, 0.018518518518518524, 0.018518518518518531, 0.35185185129973418, 0.018518518518518521, 0.018518518518518521, 26], [0.01111111112588044, 0.011111111118866895, 0.011111111117502473, 0.21163158856081563, 0.011111111114858152, 0.01111111113376876, 0.20960075755674204, 0.011111111118685991, 0.2114792897891116, 0.011111111184720567, 0.011111111146387053, 0.011111111166535426, 0.21173280826815435, 0.011111111119677415, 0.011111111130197556, 0.011111111115165447, 0.011111111115136707, 0.01111111111779369, 68], [0.51388888868360694, 0.0138888888888889, 0.0138888888888889, 0.0138888888888889, 0.0138888888888889, 0.013888888888888902, 0.0138888888888889, 0.0138888888888889, 0.0138888888888889, 0.013888888888888909, 0.26388888909417135, 0.013888888888888907, 0.013888888888888902, 0.013888888888888902, 0.013888888888888902, 0.0138888888888889, 0.0138888888888889, 0.0138888888888889, 54], [0.027777777777777783, 0.02777777777777778, 0.02777777777777778, 0.02777777777777778, 0.02777777777777778, 0.02777777777777779, 0.02777777777777778, 0.02777777777777778, 0.02777777777777778, 0.027777777777777818, 0.027777777777777797, 0.027777777777777807, 0.027777777777777783, 0.02777777777777778, 0.027777777777777787, 0.02777777777777778, 0.52777777777777757, 0.02777777777777778, 28], [0.018518518518518524, 0.018518518518518521, 0.018518518518518521, 0.018518518518518521, 0.38112637307420705, 0.018518518518518528, 0.018518518518518521, 0.018518518518518521, 0.018518518518518521, 0.018518518518518542, 0.018518518518518528, 0.018518518518518535, 0.018518518518518521, 0.018518518518518521, 0.32257733062949673, 0.018518518518518521, 0.018518518518518521, 0.018518518518518521, 43], [0.013888889996772052, 0.013888890149987291, 0.013888889372723208, 0.013888889479941784, 0.28490944222218562, 0.013888890586003129, 0.013888889341782548, 0.013888889457126213, 0.013888889313992115, 0.013888894433088106, 0.013888891586224864, 0.013888893082202914, 0.013888889601831551, 0.013888895502539947, 0.49286830808737048, 0.013888889193951098, 0.013888889193979605, 0.013888889398297464, 60], [0.018518518518519104, 0.018518518518518826, 0.018518518518518771, 0.018518518518518833, 0.018518518518518667, 0.018518518518519416, 0.018518518518518757, 0.018518518518518819, 0.018518518518518743, 0.018518518518521428, 0.35185194323033359, 0.01851851851852071, 0.018518518518518892, 0.018518518518518857, 0.018518518518519274, 0.018518518518518681, 0.018518518518518681, 0.35185176047336003, 30], [0.011111111111111124, 0.011111111111111117, 0.011111111111111117, 0.21111111068860025, 0.21111111091255147, 0.011111111111111131, 0.011111111111111117, 0.011111111111111117, 0.011111111111111115, 0.011111111111111172, 0.2111111128397023, 0.011111111111111158, 0.011111111111111118, 0.011111111111111117, 0.011111111111111127, 0.011111111111111115, 0.2111111100035902, 0.011111111111111117, 88]], 'review': "Just received my Asus UL30A-X5 yesterday. After much review, and a try-out with an Acer 1410, I decided that I wanted a full-sized chiclet/island keyboard and the larger screen. I'm already quite pleased with my decision. At the &lt;$700 price point, this is an excellent notebook.*|*|* Pros- Keyboard. A pleasure to type on.- Touchpad. It drags at first, but once you get some finger oil on it, and change the pointer speed, it's one of the best that I've used. Very smooth two finger scroller. Support for customized two and three finger click.*|*|*- Screen. Bright and easy to read at 30 degree angles.*|*|*- Battery life. Yes, it will do over 10 hours.- Weight/size. 1 inch thin and very light.- Body. Love the brushed black metal look on the case.*|*|*- Asus facial recognition login. Didn't think that I would care, but it's nice to have the computer log in, without touch, when I'm sitting in front of it.- Asus FastBoot (not the BIOS fast boot). This lets you configure which programs load during startup and which load after. Speeds up the boot quite a bit.*|*|*- Decent speakers. Not ear-destroying, but suitable for the size. Much better than most netbooks.*|*|* Cons- Placement of touchpad. It still registers my palm as I'm typing even at the extreme setting. Downloaded the new touchpad driver, but that didn't fix.  Still looking for a solution. This is by far the most frustrating problem.*|*|* UPDATE: The TouchFreeze utility seems to almost fix the issue.- Case still shows fingerprints.- Web cam is low res and has difficulty in low light (haven't tried different drivers yet).", 'realTags': [1, 0, 0, 0, 1, 0, 0, 0, 0, 1, 1, 0, 0, 0, 0, 1, 0, 0, 0, 0, 1, 0, 0, 1, 0, 0, 0, 0, 1, 0, 0], 'predictedTags': [], 'sentences': ['Just received my Asus UL30A X5 yesterday', 'After much review and a try out with an Acer 1410 I decided that I wanted a full sized chiclet island keyboard and the larger screen', "I'm already quite pleased with my decision", 'At the and lt 700 price point this is an excellent notebook', 'Pros Keyboard', 'A pleasure to type on.Touchpad', "It drags at first but once you get some finger oil on it and change the pointer speed it's one of the best that I've used", 'Very smooth two finger scroller', 'Support for customized two and three finger click', 'Bright and easy to read at 30 degree angles', 'Battery life', 'Yes it will do over 10 hours', ' Weight size', ' 1 inch thin and very light.Body', 'Love the brushed black metal look on the case', 'Asus facial recognition login', "Didn't think that I would care but it's nice to have the computer log in without touch when I'm sitting in front of it", ' Asus FastBoot not the BIOS fast boot ', 'This lets you configure which programs load during startup and which load after', 'Speeds up the boot quite a bit', 'Decent speakers', 'Not ear destroying but suitable for the size', 'Much better than most netbooks', 'Cons Placement of touchpad', "It still registers my palm as I'm typing even at the extreme setting", "Downloaded the new touchpad driver but that didn't fix", 'Still looking for a solution', 'This is by far the most frustrating problem', 'UPDATE The TouchFreeze utility seems to almost fix the issue', ' Case still shows fingerprints', " Web cam is low res and has difficulty in low light haven't tried different drivers yet "], 'k': 18, 'predictedLDASentenceTags': [[17], [10], [13], [10], [5], [5], [7], [16], [4], [11], [8], [9], [5], [4], [9], [1], [12], [0, 1, 2, 3, 4, 5, 6, 7, 8, 9, 10, 11, 12, 13, 14, 15, 16, 17], [0], [5], [11], [14], [4], [0], [12], [0], [16], [4], [14], [10], [10]]}
{'features': [[0.1759259251306497, 0, 0, 0, 0, 0.17592592626324993, 0, 0.17592592465056558, 0, 0, 0, 0.17592592739187657, 0, 0, 0, 0, 0.17592592484192859, 0, 142], [0.35185184830067051, 0.018518518518518653, 0.018518518518518629, 0.018518518518518656, 0.018518518518518583, 0.018518518518518913, 0.018518518518518622, 0.018518518518518649, 0.018518518518518615, 0.018518518518519805, 0.018518518518519135, 0.018518518518519485, 0.018518518518518681, 0.018518518518518667, 0.018518518518518851, 0.01851851851851859, 0.018518518518518587, 0.35185185540302838, 59], [0.17592591834874358, 0, 0, 0.17592593095556461, 0, 0, 0.17592592708666949, 0, 0.17592592754252387, 0, 0, 0, 0, 0, 0, 0, 0.17592592265751433, 0, 82], [0.027777777777777776, 0.52777776635372908, 0.027777777777777776, 0.027777777777777776, 0.027777782684003792, 0.027777777777777776, 0.027777777777777776, 0.027777784295600395, 0.027777777777777776, 0.02777777777777778, 0.027777777777777776, 0.02777777777777778, 0.027777777777777776, 0.027777777777777776, 0.027777777777777776, 0.027777777777777776, 0.027777777777777776, 0.027777777777777776, 16], [0.35185184579576223, 0.018518518518518632, 0.35185185790793755, 0.018518518518518635, 0.018518518518518576, 0.018518518518518851, 0.018518518518518608, 0.018518518518518632, 0.018518518518518601, 0.018518518518519596, 0.018518518518519034, 0.018518518518519329, 0.01851851851851866, 0.018518518518518646, 0.018518518518518799, 0.01851851851851858, 0.018518518518518576, 0.018518518518518618, 38], [0.15874976332115226, 0.17592592325621229, 0, 0.17592592596090936, 0.19310208920013466, 0, 0, 0, 0, 0, 0, 0, 0, 0, 0.175925927891221, 0, 0, 0, 72], [0.2723834418303836, 0, 0, 0, 0, 0, 0.20115229030664541, 0, 0, 0, 0, 0, 0, 0, 0, 0.19184673234982455, 0, 0.20498789166494608, 124], [0.011111111111348234, 0.01111111111123562, 0.011111111647961636, 0.21111942681883494, 0.011111111631934486, 0.011111111111474883, 0.011111111111206596, 0.21111908441864205, 0.011111114050114775, 0.011111111112292817, 0.011111111111677473, 0.21109057285228644, 0.01111111111126231, 0.011111111111248623, 0.011111111111417547, 0.011111111959291816, 0.21111535404461179, 0.011111112573157882, 62], [0.018518518518518559, 0.018518518518518535, 0.018518518518518531, 0.35185185135543684, 0.018518518518518521, 0.3518518523482656, 0.018518518518518528, 0.018518518518518535, 0.018518518518518524, 0.01851851851851876, 0.018518518518518629, 0.018518518518518698, 0.018518518518518538, 0.018518518518518538, 0.018518518518518573, 0.018518518518518521, 0.018518518518518521, 0.018518518518518531, 44], [0.018518518518521519, 0.018518518518518528, 0.018518518518518528, 0.018518518518518528, 0.018518518518518524, 0.018518518518518531, 0.018518518518518552, 0.35185185187061924, 0.018518518518518635, 0.018518518518518545, 0.018518518518562073, 0.018518518518518538, 0.35185185183303802, 0.018518518518518528, 0.018518518518518531, 0.018518518518518524, 0.018518518518518524, 0.018518518518518528, 30], [0.011111111111111124, 0.011111111111111117, 0.011111111298860601, 0.011111111111111117, 0.011111111293269301, 0.011111111111111131, 0.011111111111111117, 0.36544577942308309, 0.01111111200053334, 0.011111111111111176, 0.011111111111111143, 0.011111111111111158, 0.011111111111111118, 0.011111111111111118, 0.21111111133589316, 0.01111111140777404, 0.011111111111111115, 0.25677644101836411, 67], [0.21111107451672995, 0.011111111111111197, 0.011111111111111183, 0.011111111111111198, 0.011111111111111153, 0.21111112656303094, 0.011111111111111177, 0.011111111111111195, 0.011111111111111174, 0.011111111111111911, 0.21111113575819082, 0.011111111111111713, 0.21111110760649052, 0.011111111111111205, 0.01111111111111132, 0.011111111111111157, 0.011111111111111155, 0.011111111111111184, 115], [0.01111111111111112, 0.011111111111111117, 0.21111110937940974, 0.011111111111111117, 0.011111111111111115, 0.011111111111111122, 0.011111111111111115, 0.21111111077852163, 0.011111111111111115, 0.21111111243428476, 0.21111111185222858, 0.011111111111111134, 0.011111111111111117, 0.011111111111111117, 0.011111111111111122, 0.011111111111111115, 0.011111111111111115, 0.011111111111111117, 79], [0.29366799991947634, 0, 0, 0, 0.29365515393894853, 0, 0.15076345310059594, 0, 0, 0, 0, 0, 0, 0, 0.15080227888802286, 0, 0, 0, 141], [0.26388888807719374, 0.013888888888888897, 0.013888888888888895, 0.013888888888888897, 0.013888888888888893, 0.26388888960905321, 0.013888888888888895, 0.013888888888888897, 0.013888888888888895, 0.013888888888888935, 0.013888888888888912, 0.013888888888888925, 0.013888888888888897, 0.013888888888888897, 0.013888888888888902, 0.013888888888888893, 0.26388888898041973, 0.013888888888888895, 52], [0.26388890745965687, 0.2638872316148726, 0.26389052759036996, 0.013888888888888971, 0.013888888888955014, 0.013888888888889126, 0.013888888888888951, 0.013888888888888968, 0.013888888888904055, 0.013888888888889658, 0.013888888888889258, 0.013888888888907627, 0.01388888888889276, 0.013888888888892137, 0.013888888888891905, 0.013888888889224045, 0.013888888888897855, 0.013888888890200244, 81], [0, 0, 0, 0.34259259237861384, 0, 0, 0, 0, 0, 0, 0, 0, 0, 0, 0.17592592603257309, 0, 0.34259259228121725, 0, 78], [0, 0, 0, 0, 0, 0, 0, 0.175925920399991, 0, 0, 0, 0, 0, 0.17592592750332081, 0.1759259286492291, 0, 0.34259259381782864, 0, 92], [0, 0, 0, 0.38194447103808377, 0, 0, 0, 0, 0, 0, 0.13194447355513925, 0, 0, 0.13194445144713479, 0.13194438136320677, 0.13194444481865489, 0, 0, 95], [0, 0.10555555442324764, 0, 0.10555555475342322, 0, 0.10555555465853084, 0, 0.20555555594870123, 0, 0, 0.10555555691883753, 0.10555555775444958, 0, 0, 0.10555555583526859, 0, 0.10555555415198588, 0, 114], [0.018518518518518521, 0.018518518518518521, 0.018518518518518521, 0.018518518518518521, 0.018518518518518517, 0.018518518518518521, 0.018518518518518517, 0.018518518518518521, 0.018518518518518517, 0.018518518518518531, 0.35185185196777152, 0.018518518518518528, 0.018518518518518521, 0.018518518518518521, 0.018518518518518521, 0.018518518518518517, 0.3518518517359322, 0.018518518518518521, 21]], 'review': "After immersing myself in my Chromebook the last few days, I feel like I know enough about how it works to be able to write an objective review.*|*|* The thing that struck me first is how fast this computer is. You are up and running in 10 seconds from the computer being completely turned off. Browsing is fast. Navigating around the computer is fast. It is evident that speed was a big priority in the making of this device.*|*|* The computer itself is quite aesthetically pleasing; I have gotten asked about it already in the few short days I have had it. It feels solidly built, and is very comfortable to hold and use. I love the keyboard, it feels good to type on. The track pad is great as well. It is large, and has a clickable button built in that is neat to use. From what I can see, the computer doesn't seem too fragile, and there isn't anything hanging off that can get snagged.*|*|* As for the Operating System: Chrome OS is great, if you know what it is all about. This computer is not for the person who is set in their ways of having certain programs they use every day, such as iTunes, Photoshop, MS Office. You can not install these programs on the Chromebook. That being said, there are many applications that can take place of these programs. Google Docs is a stripped down MS Office that has the same basic functionality. There are several music apps that would be happy to let you store your music library on them. Google is constantly updating the software and bringing more functionality to Chrome OS as well.*|*|* No frills, no viruses to get, minimal set-up, instant start up and shut down, and great hardware is a great experience. I highly recommend it.", 'realTags': [1, 1, 0, 0, 0, 0, 1, 0, 0, 0, 0, 0, 1, 0, 0, 0, 0, 0, 0, 1, 0], 'predictedTags': [], 'sentences': ['After immersing myself in my Chromebook the last few days I feel like I know enough about how it works to be able to write an objective review', 'The thing that struck me first is how fast this computer is', 'You are up and running in 10 seconds from the computer being completely turned off', 'Browsing is fast', 'Navigating around the computer is fast', 'It is evident that speed was a big priority in the making of this device', 'The computer itself is quite aesthetically pleasing I have gotten asked about it already in the few short days I have had it', 'It feels solidly built and is very comfortable to hold and use', 'I love the keyboard it feels good to type on', 'The track pad is great as well', 'It is large and has a clickable button built in that is neat to use', "From what I can see the computer doesn't seem too fragile and there isn't anything hanging off that can get snagged", 'As for the Operating System Chrome OS is great if you know what it is all about', 'This computer is not for the person who is set in their ways of having certain programs they use every day such as iTunes Photoshop MS Office', 'You can not install these programs on the Chromebook', 'That being said there are many applications that can take place of these programs', 'Google Docs is a stripped down MS Office that has the same basic functionality', 'There are several music apps that would be happy to let you store your music library on them', 'Google is constantly updating the software and bringing more functionality to Chrome OS as well', 'No frills no viruses to get minimal set up instant start up and shut down and great hardware is a great experience', 'I highly recommend it'], 'k': 18, 'predictedLDASentenceTags': [[11], [17], [3], [1], [2], [4], [0], [3], [5], [7], [7], [10], [9], [0], [5], [2], [3], [16], [3], [7], [10]]}
